bounding_box:[-109.0 37.0 -108.55 37.35]
bounding_box:[-108.55 37.0 -108.2 37.35]
bounding_box:[-108.1 37.0 -107.85 37.35]
bounding_box:[-107.65 37.0 -107.5 37.35]
bounding_box:[-107.2 37.0 -107.15 37.35]
bounding_box:[-106.75 37.0 -106.8 37.35]
bounding_box:[-106.3 37.0 -106.45 37.35]
bounding_box:[-105.85 37.0 -106.1 37.35]
bounding_box:[-105.4 37.0 -105.75 37.35]
bounding_box:[-109.0 37.35 -108.55 37.7]
bounding_box:[-108.55 37.35 -108.2 37.7]
bounding_box:[-108.1 37.35 -107.85 37.7]
bounding_box:[-107.65 37.35 -107.5 37.7]
bounding_box:[-107.2 37.35 -107.15 37.7]
bounding_box:[-106.75 37.35 -106.8 37.7]
bounding_box:[-106.3 37.35 -106.45 37.7]
bounding_box:[-105.85 37.35 -106.1 37.7]
bounding_box:[-105.4 37.35 -105.75 37.7]
bounding_box:[-109.0 37.7 -108.55 38.05]
bounding_box:[-108.55 37.7 -108.2 38.05]
bounding_box:[-108.1 37.7 -107.85 38.05]
bounding_box:[-107.65 37.7 -107.5 38.05]
bounding_box:[-107.2 37.7 -107.15 38.05]
bounding_box:[-106.75 37.7 -106.8 38.05]
bounding_box:[-106.3 37.7 -106.45 38.05]
bounding_box:[-105.85 37.7 -106.1 38.05]
bounding_box:[-105.4 37.7 -105.75 38.05]
bounding_box:[-109.0 38.05 -108.55 38.4]
bounding_box:[-108.55 38.05 -108.2 38.4]
bounding_box:[-108.1 38.05 -107.85 38.4]
bounding_box:[-107.65 38.05 -107.5 38.4]
bounding_box:[-107.2 38.05 -107.15 38.4]
bounding_box:[-106.75 38.05 -106.8 38.4]
bounding_box:[-106.3 38.05 -106.45 38.4]
bounding_box:[-105.85 38.05 -106.1 38.4]
bounding_box:[-105.4 38.05 -105.75 38.4]
bounding_box:[-109.0 38.4 -108.55 38.75]
bounding_box:[-108.55 38.4 -108.2 38.75]
bounding_box:[-108.1 38.4 -107.85 38.75]
bounding_box:[-107.65 38.4 -107.5 38.75]
bounding_box:[-107.2 38.4 -107.15 38.75]
bounding_box:[-106.75 38.4 -106.8 38.75]
bounding_box:[-106.3 38.4 -106.45 38.75]
bounding_box:[-105.85 38.4 -106.1 38.75]
bounding_box:[-105.4 38.4 -105.75 38.75]
bounding_box:[-109.0 38.75 -108.55 39.1]
bounding_box:[-108.55 38.75 -108.2 39.1]
bounding_box:[-108.1 38.75 -107.85 39.1]
bounding_box:[-107.65 38.75 -107.5 39.1]
bounding_box:[-107.2 38.75 -107.15 39.1]
bounding_box:[-106.75 38.75 -106.8 39.1]
bounding_box:[-106.3 38.75 -106.45 39.1]
bounding_box:[-105.85 38.75 -106.1 39.1]
bounding_box:[-105.4 38.75 -105.75 39.1]
bounding_box:[-109.0 39.1 -108.55 39.45]
bounding_box:[-108.55 39.1 -108.2 39.45]
bounding_box:[-108.1 39.1 -107.85 39.45]
bounding_box:[-107.65 39.1 -107.5 39.45]
bounding_box:[-107.2 39.1 -107.15 39.45]
bounding_box:[-106.75 39.1 -106.8 39.45]
bounding_box:[-106.3 39.1 -106.45 39.45]
bounding_box:[-105.85 39.1 -106.1 39.45]
bounding_box:[-105.4 39.1 -105.75 39.45]
bounding_box:[-109.0 39.45 -108.55 39.8]
bounding_box:[-108.55 39.45 -108.2 39.8]
bounding_box:[-108.1 39.45 -107.85 39.8]
bounding_box:[-107.65 39.45 -107.5 39.8]
bounding_box:[-107.2 39.45 -107.15 39.8]
bounding_box:[-106.75 39.45 -106.8 39.8]
bounding_box:[-106.3 39.45 -106.45 39.8]
bounding_box:[-105.85 39.45 -106.1 39.8]
bounding_box:[-105.4 39.45 -105.75 39.8]
bounding_box:[-109.0 39.8 -108.55 40.15]
bounding_box:[-108.55 39.8 -108.2 40.15]
bounding_box:[-108.1 39.8 -107.85 40.15]
bounding_box:[-107.65 39.8 -107.5 40.15]
bounding_box:[-107.2 39.8 -107.15 40.15]
bounding_box:[-106.75 39.8 -106.8 40.15]
bounding_box:[-106.3 39.8 -106.45 40.15]
bounding_box:[-105.85 39.8 -106.1 40.15]
bounding_box:[-105.4 39.8 -105.75 40.15]
bounding_box:[-109.0 40.15 -108.55 40.5]
bounding_box:[-108.55 40.15 -108.2 40.5]
bounding_box:[-108.1 40.15 -107.85 40.5]
bounding_box:[-107.65 40.15 -107.5 40.5]
bounding_box:[-107.2 40.15 -107.15 40.5]
bounding_box:[-106.75 40.15 -106.8 40.5]
bounding_box:[-106.3 40.15 -106.45 40.5]
bounding_box:[-105.85 40.15 -106.1 40.5]
bounding_box:[-105.4 40.15 -105.75 40.5]
bounding_box:[-109.0 40.5 -108.55 40.85]
bounding_box:[-108.55 40.5 -108.2 40.85]
bounding_box:[-108.1 40.5 -107.85 40.85]
bounding_box:[-107.65 40.5 -107.5 40.85]
bounding_box:[-107.2 40.5 -107.15 40.85]
bounding_box:[-106.75 40.5 -106.8 40.85]
bounding_box:[-106.3 40.5 -106.45 40.85]
bounding_box:[-105.85 40.5 -106.1 40.85]
bounding_box:[-105.4 40.5 -105.75 40.85]
bounding_box:[-109.0 40.85 -108.55 41.2]
bounding_box:[-108.55 40.85 -108.2 41.2]
bounding_box:[-108.1 40.85 -107.85 41.2]
bounding_box:[-107.65 40.85 -107.5 41.2]
bounding_box:[-107.2 40.85 -107.15 41.2]
bounding_box:[-106.75 40.85 -106.8 41.2]
bounding_box:[-106.3 40.85 -106.45 41.2]
bounding_box:[-105.85 40.85 -106.1 41.2]
bounding_box:[-105.4 40.85 -105.75 41.2]
