bounding_box:[-109.0 37.0 -108.549 37.35]
bounding_box:[-108.549 37.0 -108.098 37.35]
bounding_box:[-108.098 37.0 -107.647 37.35]
bounding_box:[-107.647 37.0 -107.196 37.35]
bounding_box:[-107.196 37.0 -106.745 37.35]
bounding_box:[-106.745 37.0 -106.294 37.35]
bounding_box:[-106.294 37.0 -105.843 37.35]
bounding_box:[-105.843 37.0 -105.392 37.35]
bounding_box:[-105.392 37.0 -104.941 37.35]
bounding_box:[-104.941 37.0 -104.49 37.35]
bounding_box:[-104.49 37.0 -104.039 37.35]
bounding_box:[-104.039 37.0 -103.588 37.35]
bounding_box:[-103.588 37.0 -103.137 37.35]
bounding_box:[-103.137 37.0 -102.686 37.35]
bounding_box:[-102.686 37.0 -102.235 37.35]
bounding_box:[-102.235 37.0 -101.784 37.35]
bounding_box:[-109.0 37.35 -108.549 37.7]
bounding_box:[-108.549 37.35 -108.098 37.7]
bounding_box:[-108.098 37.35 -107.647 37.7]
bounding_box:[-107.647 37.35 -107.196 37.7]
bounding_box:[-107.196 37.35 -106.745 37.7]
bounding_box:[-106.745 37.35 -106.294 37.7]
bounding_box:[-106.294 37.35 -105.843 37.7]
bounding_box:[-105.843 37.35 -105.392 37.7]
bounding_box:[-105.392 37.35 -104.941 37.7]
bounding_box:[-104.941 37.35 -104.49 37.7]
bounding_box:[-104.49 37.35 -104.039 37.7]
bounding_box:[-104.039 37.35 -103.588 37.7]
bounding_box:[-103.588 37.35 -103.137 37.7]
bounding_box:[-103.137 37.35 -102.686 37.7]
bounding_box:[-102.686 37.35 -102.235 37.7]
bounding_box:[-102.235 37.35 -101.784 37.7]
bounding_box:[-109.0 37.7 -108.547 38.05]
bounding_box:[-108.547 37.7 -108.094 38.05]
bounding_box:[-108.094 37.7 -107.641 38.05]
bounding_box:[-107.641 37.7 -107.188 38.05]
bounding_box:[-107.188 37.7 -106.735 38.05]
bounding_box:[-106.735 37.7 -106.282 38.05]
bounding_box:[-106.282 37.7 -105.829 38.05]
bounding_box:[-105.829 37.7 -105.376 38.05]
bounding_box:[-105.376 37.7 -104.923 38.05]
bounding_box:[-104.923 37.7 -104.47 38.05]
bounding_box:[-104.47 37.7 -104.017 38.05]
bounding_box:[-104.017 37.7 -103.564 38.05]
bounding_box:[-103.564 37.7 -103.111 38.05]
bounding_box:[-103.111 37.7 -102.658 38.05]
bounding_box:[-102.658 37.7 -102.205 38.05]
bounding_box:[-102.205 37.7 -101.752 38.05]
bounding_box:[-109.0 38.05 -108.545 38.4]
bounding_box:[-108.545 38.05 -108.09 38.4]
bounding_box:[-108.09 38.05 -107.635 38.4]
bounding_box:[-107.635 38.05 -107.18 38.4]
bounding_box:[-107.18 38.05 -106.725 38.4]
bounding_box:[-106.725 38.05 -106.27 38.4]
bounding_box:[-106.27 38.05 -105.815 38.4]
bounding_box:[-105.815 38.05 -105.36 38.4]
bounding_box:[-105.36 38.05 -104.905 38.4]
bounding_box:[-104.905 38.05 -104.45 38.4]
bounding_box:[-104.45 38.05 -103.995 38.4]
bounding_box:[-103.995 38.05 -103.54 38.4]
bounding_box:[-103.54 38.05 -103.085 38.4]
bounding_box:[-103.085 38.05 -102.63 38.4]
bounding_box:[-102.63 38.05 -102.175 38.4]
bounding_box:[-102.175 38.05 -101.72 38.4]
bounding_box:[-109.0 38.4 -108.542 38.75]
bounding_box:[-108.542 38.4 -108.084 38.75]
bounding_box:[-108.084 38.4 -107.626 38.75]
bounding_box:[-107.626 38.4 -107.168 38.75]
bounding_box:[-107.168 38.4 -106.71 38.75]
bounding_box:[-106.71 38.4 -106.252 38.75]
bounding_box:[-106.252 38.4 -105.794 38.75]
bounding_box:[-105.794 38.4 -105.336 38.75]
bounding_box:[-105.336 38.4 -104.878 38.75]
bounding_box:[-104.878 38.4 -104.42 38.75]
bounding_box:[-104.42 38.4 -103.962 38.75]
bounding_box:[-103.962 38.4 -103.504 38.75]
bounding_box:[-103.504 38.4 -103.046 38.75]
bounding_box:[-103.046 38.4 -102.588 38.75]
bounding_box:[-102.588 38.4 -102.13 38.75]
bounding_box:[-102.13 38.4 -101.672 38.75]
bounding_box:[-109.0 38.75 -108.54 39.1]
bounding_box:[-108.54 38.75 -108.08 39.1]
bounding_box:[-108.08 38.75 -107.62 39.1]
bounding_box:[-107.62 38.75 -107.16 39.1]
bounding_box:[-107.16 38.75 -106.7 39.1]
bounding_box:[-106.7 38.75 -106.24 39.1]
bounding_box:[-106.24 38.75 -105.78 39.1]
bounding_box:[-105.78 38.75 -105.32 39.1]
bounding_box:[-105.32 38.75 -104.86 39.1]
bounding_box:[-104.86 38.75 -104.4 39.1]
bounding_box:[-104.4 38.75 -103.94 39.1]
bounding_box:[-103.94 38.75 -103.48 39.1]
bounding_box:[-103.48 38.75 -103.02 39.1]
bounding_box:[-103.02 38.75 -102.56 39.1]
bounding_box:[-102.56 38.75 -102.1 39.1]
bounding_box:[-102.1 38.75 -101.64 39.1]
bounding_box:[-109.0 39.1 -108.538 39.45]
bounding_box:[-108.538 39.1 -108.076 39.45]
bounding_box:[-108.076 39.1 -107.614 39.45]
bounding_box:[-107.614 39.1 -107.152 39.45]
bounding_box:[-107.152 39.1 -106.69 39.45]
bounding_box:[-106.69 39.1 -106.228 39.45]
bounding_box:[-106.228 39.1 -105.766 39.45]
bounding_box:[-105.766 39.1 -105.304 39.45]
bounding_box:[-105.304 39.1 -104.842 39.45]
bounding_box:[-104.842 39.1 -104.38 39.45]
bounding_box:[-104.38 39.1 -103.918 39.45]
bounding_box:[-103.918 39.1 -103.456 39.45]
bounding_box:[-103.456 39.1 -102.994 39.45]
bounding_box:[-102.994 39.1 -102.532 39.45]
bounding_box:[-102.532 39.1 -102.07 39.45]
bounding_box:[-102.07 39.1 -101.608 39.45]
bounding_box:[-109.0 39.45 -108.536 39.8]
bounding_box:[-108.536 39.45 -108.072 39.8]
bounding_box:[-108.072 39.45 -107.608 39.8]
bounding_box:[-107.608 39.45 -107.144 39.8]
bounding_box:[-107.144 39.45 -106.68 39.8]
bounding_box:[-106.68 39.45 -106.216 39.8]
bounding_box:[-106.216 39.45 -105.752 39.8]
bounding_box:[-105.752 39.45 -105.288 39.8]
bounding_box:[-105.288 39.45 -104.824 39.8]
bounding_box:[-104.824 39.45 -104.36 39.8]
bounding_box:[-104.36 39.45 -103.896 39.8]
bounding_box:[-103.896 39.45 -103.432 39.8]
bounding_box:[-103.432 39.45 -102.968 39.8]
bounding_box:[-102.968 39.45 -102.504 39.8]
bounding_box:[-102.504 39.45 -102.04 39.8]
bounding_box:[-102.04 39.45 -101.576 39.8]
bounding_box:[-109.0 39.8 -108.533 40.15]
bounding_box:[-108.533 39.8 -108.066 40.15]
bounding_box:[-108.066 39.8 -107.599 40.15]
bounding_box:[-107.599 39.8 -107.132 40.15]
bounding_box:[-107.132 39.8 -106.665 40.15]
bounding_box:[-106.665 39.8 -106.198 40.15]
bounding_box:[-106.198 39.8 -105.731 40.15]
bounding_box:[-105.731 39.8 -105.264 40.15]
bounding_box:[-105.264 39.8 -104.797 40.15]
bounding_box:[-104.797 39.8 -104.33 40.15]
bounding_box:[-104.33 39.8 -103.863 40.15]
bounding_box:[-103.863 39.8 -103.396 40.15]
bounding_box:[-103.396 39.8 -102.929 40.15]
bounding_box:[-102.929 39.8 -102.462 40.15]
bounding_box:[-102.462 39.8 -101.995 40.15]
bounding_box:[-109.0 40.15 -108.531 40.5]
bounding_box:[-108.531 40.15 -108.062 40.5]
bounding_box:[-108.062 40.15 -107.593 40.5]
bounding_box:[-107.593 40.15 -107.124 40.5]
bounding_box:[-107.124 40.15 -106.655 40.5]
bounding_box:[-106.655 40.15 -106.186 40.5]
bounding_box:[-106.186 40.15 -105.717 40.5]
bounding_box:[-105.717 40.15 -105.248 40.5]
bounding_box:[-105.248 40.15 -104.779 40.5]
bounding_box:[-104.779 40.15 -104.31 40.5]
bounding_box:[-104.31 40.15 -103.841 40.5]
bounding_box:[-103.841 40.15 -103.372 40.5]
bounding_box:[-103.372 40.15 -102.903 40.5]
bounding_box:[-102.903 40.15 -102.434 40.5]
bounding_box:[-102.434 40.15 -101.965 40.5]
bounding_box:[-109.0 40.5 -108.529 40.85]
bounding_box:[-108.529 40.5 -108.058 40.85]
bounding_box:[-108.058 40.5 -107.587 40.85]
bounding_box:[-107.587 40.5 -107.116 40.85]
bounding_box:[-107.116 40.5 -106.645 40.85]
bounding_box:[-106.645 40.5 -106.174 40.85]
bounding_box:[-106.174 40.5 -105.703 40.85]
bounding_box:[-105.703 40.5 -105.232 40.85]
bounding_box:[-105.232 40.5 -104.761 40.85]
bounding_box:[-104.761 40.5 -104.29 40.85]
bounding_box:[-104.29 40.5 -103.819 40.85]
bounding_box:[-103.819 40.5 -103.348 40.85]
bounding_box:[-103.348 40.5 -102.877 40.85]
bounding_box:[-102.877 40.5 -102.406 40.85]
bounding_box:[-102.406 40.5 -101.935 40.85]
bounding_box:[-109.0 40.85 -108.526 41.2]
bounding_box:[-108.526 40.85 -108.052 41.2]
bounding_box:[-108.052 40.85 -107.578 41.2]
bounding_box:[-107.578 40.85 -107.104 41.2]
bounding_box:[-107.104 40.85 -106.63 41.2]
bounding_box:[-106.63 40.85 -106.156 41.2]
bounding_box:[-106.156 40.85 -105.682 41.2]
bounding_box:[-105.682 40.85 -105.208 41.2]
bounding_box:[-105.208 40.85 -104.734 41.2]
bounding_box:[-104.734 40.85 -104.26 41.2]
bounding_box:[-104.26 40.85 -103.786 41.2]
bounding_box:[-103.786 40.85 -103.312 41.2]
bounding_box:[-103.312 40.85 -102.838 41.2]
bounding_box:[-102.838 40.85 -102.364 41.2]
bounding_box:[-102.364 40.85 -101.89 41.2]
